2000000000000000000000000000000000000000000
2000000000000000000000000000000000000000000
2000100000000000000000000000000000030000000    1
2001110000000000000000000000000000222000000    1
2010101000020000200000000000222000101000000    1
2000100000220000200000000000131000101000000  1 1 1
2222222222222222222222222222222222222222222   111
1111111111111111111111111111111111111111111    1
1111111111111111111111111111111111111111111
1111111111111111111111111111111111111111111
1111111111111111111111111111111111111111111